110
110
110
110
110
110
110
110
110
110
110
110
110
110
110
110
110
110
110
110
110
110
110
110
110
110
110
110
110
110
110
110
110
110
110
110
110
110
110
110
110
110
110
110
110
110
110
110
110
110
110
110
110
110
110
110
110
110
110
110
110
110
110
110
110
110
110
110
110
110
110
110
110
110
110
110
110
348
681
874
964
988
972
933
882
825
768
712
658
609
564
522
484
450
419
391
366
344
324
306
290
275
262
251
240
232
222
216
208
202
196
192
188
184
180
176
174
171
168
166
165
163
161
160
132
131
131
130
131
130
130
130
130
130
130
130
130
130
129
129
128
129
128
128
128
128
128
128
127
126
127
127
127
126
126
127
126
126
126
126
126
126
126
126
126
126
126
125
125
124
124
124
124
124
124
124
124
124
124
124
124
124
124
124
123
122
122
122
122
122
122
122
122
122
122
110
110
110
110
110
110
110
110
110
110
110
110
110
110
110
110
110
110
110
110
110
110
110
110
110
110
110
110
110
110
110
110
110
110
110
110
110
110
110
110
110
110
110
110
110
110
110
110
110
110
110
110
110
110
110
110
110
