288
288
287
289
289
288
287
288
287
287
288
287
288
287
288
287
288
288
288
288
288
288
288
287
288
287
288
288
288
287
288
287
287
287
288
287
287
288
288
288
288
287
288
287
288
286
287
288
287
288
286
298
1661
2915
4090
4085
4000
3957
3860
3681
3460
3221
2982
2750
2531
2329
2143
1972
1817
1678
1551
1440
1337
1247
1165
1091
1026
966
913
866
822
784
750
720
692
666
644
624
606
589
575
562
550
539
530
521
513
506
498
492
487
483
478
472
469
466
461
459
456
453
451
448
445
444
442
440
438
437
436
434
433
432
429
428
425
424
422
421
421
420
418
417
416
415
415
414
412
412
411
411
409
408
406
406
405
405
404
402
401
401
425
424
422
421
421
420
418
417
416
415
415
414
412
412
411
411
409
408
406
406
405
405
404
402
401
401
425
424
422
421
421
420
418
417
416
415
415
414
412
412
411
411
409
408
406
406
405
405
404
402
401
401
425
424
422
421
421
420
418
417
416
415
415
414
412
412
411
411
409
408
406
406
405
405
404
402
401
401
425
424
422
421
421
420
418
417
416
415
415
414
412
412
411
411
409
408
406
406
405
405
404
402
