98
98
98
98
98
98
97
98
98
98
98
98
98
98
98
98
98
370
842
1126
1260
1300
1282
1231
1161
1084
1006
929
856
788
724
668
615
567
524
486
452
420
394
368
346
326
308
292
278
264
253
242
233
224
217
210
204
198
194
189
185
182
178
176
172
170
167
165
163
162
160
159
158
156
155
154
154
152
152
151
150
149
148
148
148
146
146
146
146
146
98
98
98
98
98
98
97
98
98
98
98
98
98
98
98
98
98
370
842
1126
1260
1300
1282
1231
1161
1084
1006
929
856
788
724
668
615
567
524
486
452
420
394
368
346
326
308
292
278
264
253
242
233
224
217
210
204
198
194
189
185
182
178
176
172
170
167
165
163
162
160
159
158
156
155
154
154
152
152
151
150
149
148
148
148
146
146
146
146
146
98
98
98
98
98
98
97
98
98
98
98
98
98
98
98
98
98
370
842
1126
1260
1300
1282
1231
1161
1084
1006
929
856
788
724
668
615
567
524
486
452
420
394
368
346
326
308
292
278
264
253
242
233
224
217
210
204
198
194
189
185
182
178
176
172
170
167
165
163
162
160
159
158
156
155
154
154
152
152
151
150
149
148
148
