124
124
124
124
124
124
124
124
124
124
124
124
124
124
124
124
124
124
124
124
124
124
124
124
124
124
124
124
124
124
124
124
124
124
124
124
204
412
546
612
634
630
609
580
548
514
482
450
421
394
370
346
326
308
291
276
263
251
240
230
222
214
208
201
196
191
186
182
178
175
172
170
168
166
164
162
160
158
158
156
156
154
153
152
151
151
150
150
149
148
148
148
148
147
146
146
146
146
146
146
146
145
144
144
144
144
144
144
144
144
144
144
143
143
142
143
142
142
142
142
142
142
141
141
141
142
141
141
140
141
140
141
140
141
140
140
140
140
140
140
140
140
139
140
140
139
138
139
138
139
138
138
138
141
140
141
140
140
140
140
140
140
140
140
139
140
140
139
138
139
138
139
138
138
138
141
140
141
140
140
140
140
140
140
140
140
139
140
140
139
138
139
138
139
138
138
138
141
140
141
140
140
140
140
140
140
140
140
139
140
140
139
138
139
138
139
138
138
138
141
140
141
140
140
140
140
140
140
140
140
139
140
140
139
138
139
138
139
138
138
138
141
140
141
140
140
140
140
140
140
140
140
